---
title: "Prepare data for metaSEM"
author: "Qingyao Zhang"
date: "2019-08-05"
output: html_document
series: ["Academy"]
categories: ["Statistic"]
tags: ["R","metaSEM"]
---



<p>tssem1 function in <a href="https://github.com/mikewlcheung/metasem">metaSEM</a> package uses a list data, which includes a “son” list of covariance matrix and a vector of sample size (maybe also another vector of cluster). This data format differs a lot from the wide format we used usually. In the wide format data, one row includes information for one study, hence I arrange the correlations in a matrix (usually one matrix for one study) from top to down and from left to right successively in a row. In the manual of metaSEM package, Cheung calls this kind of layout of matrix a “stacked matrix”. The question is, how can I transform such stacked matrix into the list needed for meta-analytic analysis (i.e., tssem1 function) ? In this article, I write one function to do such work.
Firstly, let’s have a look at the data used by tssem1 function.</p>
<pre class="r"><code>library(metaSEM)
data(Cheung09)
Cheung09</code></pre>
<pre><code>## $data
## $data$`1`
##         x1      x2      x3      x4      x5      x6      x7       x8
## x1 0.77298 0.26975 0.24009 0.23778 0.20869 0.22377 0.18801  0.07055
## x2 0.26975 0.91307 0.44374 0.26083 0.28387 0.20660 0.12764  0.22892
## x3 0.24009 0.44374 1.11292 0.29440 0.26262 0.27320 0.18548  0.20417
## x4 0.23778 0.26083 0.29440 0.80501 0.47489 0.45939 0.40998  0.09104
## x5 0.20869 0.28387 0.26262 0.47489 0.89692 0.41972 0.31541  0.33907
## x6 0.22377 0.20660 0.27320 0.45939 0.41972 1.36089 0.74274  0.18137
## x7 0.18801 0.12764 0.18548 0.40998 0.31541 0.74274 1.01075  0.13724
## x8 0.07055 0.22892 0.20417 0.09104 0.33907 0.18137 0.13724  1.81805
## x9 0.10051 0.09590 0.18243 0.10142 0.06561 0.12973 0.12776 -0.01980
##          x9
## x1  0.10051
## x2  0.09590
## x3  0.18243
## x4  0.10142
## x5  0.06561
## x6  0.12973
## x7  0.12776
## x8 -0.01980
## x9  0.91252
## 
## $data$`2`
##    x1 x2      x3      x4      x5      x6      x7      x8      x9
## x1 NA NA      NA      NA      NA      NA      NA      NA      NA
## x2 NA NA      NA      NA      NA      NA      NA      NA      NA
## x3 NA NA 1.06293 0.27094 0.20331 0.16522 0.11922 0.25387 0.06877
## x4 NA NA 0.27094 0.73625 0.27053 0.33506 0.33495 0.16124 0.00912
## x5 NA NA 0.20331 0.27053 0.71718 0.19873 0.14582 0.21907 0.04089
## x6 NA NA 0.16522 0.33506 0.19873 0.92247 0.55128 0.17143 0.01380
## x7 NA NA 0.11922 0.33495 0.14582 0.55128 1.00462 0.16561 0.04322
## x8 NA NA 0.25387 0.16124 0.21907 0.17143 0.16561 1.49431 0.29094
## x9 NA NA 0.06877 0.00912 0.04089 0.01380 0.04322 0.29094 1.01960
## 
## $data$`3`
##         x1      x2 x3 x4 x5      x6      x7      x8      x9
## x1 0.95825 0.32958 NA NA NA 0.13948 0.15463 0.15248 0.10405
## x2 0.32958 1.02277 NA NA NA 0.07300 0.07002 0.17056 0.13502
## x3      NA      NA NA NA NA      NA      NA      NA      NA
## x4      NA      NA NA NA NA      NA      NA      NA      NA
## x5      NA      NA NA NA NA      NA      NA      NA      NA
## x6 0.13948 0.07300 NA NA NA 0.82987 0.43769 0.23195 0.03856
## x7 0.15463 0.07002 NA NA NA 0.43769 0.83476 0.19002 0.03986
## x8 0.15248 0.17056 NA NA NA 0.23195 0.19002 1.42583 0.38343
## x9 0.10405 0.13502 NA NA NA 0.03856 0.03986 0.38343 1.03062
## 
## $data$`4`
##         x1       x2      x3      x4      x5      x6       x7 x8 x9
## x1 0.83995  0.21117 0.14249 0.13268 0.17861 0.22783  0.18991 NA NA
## x2 0.21117  0.93380 0.34383 0.19040 0.15068 0.12191 -0.04762 NA NA
## x3 0.14249  0.34383 1.33025 0.31041 0.10873 0.19756  0.12113 NA NA
## x4 0.13268  0.19040 0.31041 0.77512 0.36093 0.36519  0.22716 NA NA
## x5 0.17861  0.15068 0.10873 0.36093 0.91598 0.37035  0.19550 NA NA
## x6 0.22783  0.12191 0.19756 0.36519 0.37035 1.48445  0.62637 NA NA
## x7 0.18991 -0.04762 0.12113 0.22716 0.19550 0.62637  1.05049 NA NA
## x8      NA       NA      NA      NA      NA      NA       NA NA NA
## x9      NA       NA      NA      NA      NA      NA       NA NA NA
## 
## 
## $n
## [1] 591 656 832 823</code></pre>
<p>For presentation purpose, I transform the list to wide data.</p>
<pre class="r"><code>stackeData &lt;- data.frame(list2matrix(Cheung09$data, diag = TRUE))
stackeData[&quot;n&quot;]&lt;- Cheung09$n
# Create a column to save study names or study IDs.
stackeData[&quot;studyName&quot;] &lt;- paste0(&quot;study&quot;,1:4)
stackeData</code></pre>
<pre><code>##     x1_x1   x2_x1   x3_x1   x4_x1   x5_x1   x6_x1   x7_x1   x8_x1   x9_x1
## 1 0.77298 0.26975 0.24009 0.23778 0.20869 0.22377 0.18801 0.07055 0.10051
## 2      NA      NA      NA      NA      NA      NA      NA      NA      NA
## 3 0.95825 0.32958      NA      NA      NA 0.13948 0.15463 0.15248 0.10405
## 4 0.83995 0.21117 0.14249 0.13268 0.17861 0.22783 0.18991      NA      NA
##     x2_x2   x3_x2   x4_x2   x5_x2   x6_x2    x7_x2   x8_x2   x9_x2   x3_x3
## 1 0.91307 0.44374 0.26083 0.28387 0.20660  0.12764 0.22892 0.09590 1.11292
## 2      NA      NA      NA      NA      NA       NA      NA      NA 1.06293
## 3 1.02277      NA      NA      NA 0.07300  0.07002 0.17056 0.13502      NA
## 4 0.93380 0.34383 0.19040 0.15068 0.12191 -0.04762      NA      NA 1.33025
##     x4_x3   x5_x3   x6_x3   x7_x3   x8_x3   x9_x3   x4_x4   x5_x4   x6_x4
## 1 0.29440 0.26262 0.27320 0.18548 0.20417 0.18243 0.80501 0.47489 0.45939
## 2 0.27094 0.20331 0.16522 0.11922 0.25387 0.06877 0.73625 0.27053 0.33506
## 3      NA      NA      NA      NA      NA      NA      NA      NA      NA
## 4 0.31041 0.10873 0.19756 0.12113      NA      NA 0.77512 0.36093 0.36519
##     x7_x4   x8_x4   x9_x4   x5_x5   x6_x5   x7_x5   x8_x5   x9_x5   x6_x6
## 1 0.40998 0.09104 0.10142 0.89692 0.41972 0.31541 0.33907 0.06561 1.36089
## 2 0.33495 0.16124 0.00912 0.71718 0.19873 0.14582 0.21907 0.04089 0.92247
## 3      NA      NA      NA      NA      NA      NA      NA      NA 0.82987
## 4 0.22716      NA      NA 0.91598 0.37035 0.19550      NA      NA 1.48445
##     x7_x6   x8_x6   x9_x6   x7_x7   x8_x7   x9_x7   x8_x8    x9_x8   x9_x9
## 1 0.74274 0.18137 0.12973 1.01075 0.13724 0.12776 1.81805 -0.01980 0.91252
## 2 0.55128 0.17143 0.01380 1.00462 0.16561 0.04322 1.49431  0.29094 1.01960
## 3 0.43769 0.23195 0.03856 0.83476 0.19002 0.03986 1.42583  0.38343 1.03062
## 4 0.62637      NA      NA 1.05049      NA      NA      NA       NA      NA
##     n studyName
## 1 591    study1
## 2 656    study2
## 3 832    study3
## 4 823    study4</code></pre>
<p>Now you can use the function below. Note that the orders of the covariances in data frame must be consistent with the order <code>vec2symMat</code> function fills the matrix. That’s from top to down and from left to right. This function has 6 arguments.</p>
<ul>
<li>dataFrame = the data frame including all data or information.</li>
<li>ncol = the column number including the sample size.</li>
<li>studyNameCol = the number of the colume including study names or study IDs.</li>
<li>fromCol = the number of the start column to read the stacked matrix (i.e., a series of covariances/correlations).</li>
<li>to Col = the number of the end column to read the stacked matrix.</li>
<li>dimNamesVector = the dimension names of the covariance matrices. Again, the order should be consistent with the matrix.</li>
</ul>
<p>Now, run the following syntax to define the function <code>create_metaSEM_data</code> function before you use it.</p>
<pre class="r"><code># Define a function to prepare data for metaSEM.
create_metaSEM_data &lt;-
  function (dataFrame,
            nCol,
            studyNameCol,
            fromCol,
            toCol,
            dimNamesVector) {
    studyNames &lt;- as.vector(t(dataFrame[, studyNameCol]))
    sampleSize &lt;- as.vector(t(dataFrame[, nCol]))
    cor_matrix_list &lt;- list()
    cor_n &lt;- vector()
    for (i in 1:nrow(dataFrame)) {
      cor_matrix &lt;- vec2symMat(t(dataFrame[i, fromCol:toCol]))
      rownames(cor_matrix) &lt;-
        colnames(cor_matrix) &lt;- dimNamesVector
      if (is.na(is.pd(cor_matrix)))
        cat(paste(&quot;Incomplete data:&quot;, studyNames[i]), &quot;\n&quot;)
      else {
        cor_matrix_list[[studyNames[i]]] &lt;- cor_matrix
        cor_n[studyNames[i]] &lt;- sampleSize[i]
      }
    }
    return(list(cor_matrix_list = cor_matrix_list, cor_n = cor_n))
  }</code></pre>
<p>Then, have a try to convert <code>stackeData</code> back to the list.</p>
<pre class="r"><code>names(stackeData) # To find the column number.</code></pre>
<pre><code>##  [1] &quot;x1_x1&quot;     &quot;x2_x1&quot;     &quot;x3_x1&quot;     &quot;x4_x1&quot;     &quot;x5_x1&quot;    
##  [6] &quot;x6_x1&quot;     &quot;x7_x1&quot;     &quot;x8_x1&quot;     &quot;x9_x1&quot;     &quot;x2_x2&quot;    
## [11] &quot;x3_x2&quot;     &quot;x4_x2&quot;     &quot;x5_x2&quot;     &quot;x6_x2&quot;     &quot;x7_x2&quot;    
## [16] &quot;x8_x2&quot;     &quot;x9_x2&quot;     &quot;x3_x3&quot;     &quot;x4_x3&quot;     &quot;x5_x3&quot;    
## [21] &quot;x6_x3&quot;     &quot;x7_x3&quot;     &quot;x8_x3&quot;     &quot;x9_x3&quot;     &quot;x4_x4&quot;    
## [26] &quot;x5_x4&quot;     &quot;x6_x4&quot;     &quot;x7_x4&quot;     &quot;x8_x4&quot;     &quot;x9_x4&quot;    
## [31] &quot;x5_x5&quot;     &quot;x6_x5&quot;     &quot;x7_x5&quot;     &quot;x8_x5&quot;     &quot;x9_x5&quot;    
## [36] &quot;x6_x6&quot;     &quot;x7_x6&quot;     &quot;x8_x6&quot;     &quot;x9_x6&quot;     &quot;x7_x7&quot;    
## [41] &quot;x8_x7&quot;     &quot;x9_x7&quot;     &quot;x8_x8&quot;     &quot;x9_x8&quot;     &quot;x9_x9&quot;    
## [46] &quot;n&quot;         &quot;studyName&quot;</code></pre>
<pre class="r"><code>semData &lt;- create_metaSEM_data(dataFrame = stackeData,
                               nCol = 46,
                               studyNameCol = 47,
                               fromCol = 1,
                               toCol = 45,
                               dimNamesVector = paste0(&quot;x&quot;,1:9))
semData</code></pre>
<pre><code>## $cor_matrix_list
## $cor_matrix_list$study1
##         x1      x2      x3      x4      x5      x6      x7       x8
## x1 0.77298 0.26975 0.24009 0.23778 0.20869 0.22377 0.18801  0.07055
## x2 0.26975 0.91307 0.44374 0.26083 0.28387 0.20660 0.12764  0.22892
## x3 0.24009 0.44374 1.11292 0.29440 0.26262 0.27320 0.18548  0.20417
## x4 0.23778 0.26083 0.29440 0.80501 0.47489 0.45939 0.40998  0.09104
## x5 0.20869 0.28387 0.26262 0.47489 0.89692 0.41972 0.31541  0.33907
## x6 0.22377 0.20660 0.27320 0.45939 0.41972 1.36089 0.74274  0.18137
## x7 0.18801 0.12764 0.18548 0.40998 0.31541 0.74274 1.01075  0.13724
## x8 0.07055 0.22892 0.20417 0.09104 0.33907 0.18137 0.13724  1.81805
## x9 0.10051 0.09590 0.18243 0.10142 0.06561 0.12973 0.12776 -0.01980
##          x9
## x1  0.10051
## x2  0.09590
## x3  0.18243
## x4  0.10142
## x5  0.06561
## x6  0.12973
## x7  0.12776
## x8 -0.01980
## x9  0.91252
## 
## $cor_matrix_list$study2
##    x1 x2      x3      x4      x5      x6      x7      x8      x9
## x1 NA NA      NA      NA      NA      NA      NA      NA      NA
## x2 NA NA      NA      NA      NA      NA      NA      NA      NA
## x3 NA NA 1.06293 0.27094 0.20331 0.16522 0.11922 0.25387 0.06877
## x4 NA NA 0.27094 0.73625 0.27053 0.33506 0.33495 0.16124 0.00912
## x5 NA NA 0.20331 0.27053 0.71718 0.19873 0.14582 0.21907 0.04089
## x6 NA NA 0.16522 0.33506 0.19873 0.92247 0.55128 0.17143 0.01380
## x7 NA NA 0.11922 0.33495 0.14582 0.55128 1.00462 0.16561 0.04322
## x8 NA NA 0.25387 0.16124 0.21907 0.17143 0.16561 1.49431 0.29094
## x9 NA NA 0.06877 0.00912 0.04089 0.01380 0.04322 0.29094 1.01960
## 
## $cor_matrix_list$study3
##         x1      x2 x3 x4 x5      x6      x7      x8      x9
## x1 0.95825 0.32958 NA NA NA 0.13948 0.15463 0.15248 0.10405
## x2 0.32958 1.02277 NA NA NA 0.07300 0.07002 0.17056 0.13502
## x3      NA      NA NA NA NA      NA      NA      NA      NA
## x4      NA      NA NA NA NA      NA      NA      NA      NA
## x5      NA      NA NA NA NA      NA      NA      NA      NA
## x6 0.13948 0.07300 NA NA NA 0.82987 0.43769 0.23195 0.03856
## x7 0.15463 0.07002 NA NA NA 0.43769 0.83476 0.19002 0.03986
## x8 0.15248 0.17056 NA NA NA 0.23195 0.19002 1.42583 0.38343
## x9 0.10405 0.13502 NA NA NA 0.03856 0.03986 0.38343 1.03062
## 
## $cor_matrix_list$study4
##         x1       x2      x3      x4      x5      x6       x7 x8 x9
## x1 0.83995  0.21117 0.14249 0.13268 0.17861 0.22783  0.18991 NA NA
## x2 0.21117  0.93380 0.34383 0.19040 0.15068 0.12191 -0.04762 NA NA
## x3 0.14249  0.34383 1.33025 0.31041 0.10873 0.19756  0.12113 NA NA
## x4 0.13268  0.19040 0.31041 0.77512 0.36093 0.36519  0.22716 NA NA
## x5 0.17861  0.15068 0.10873 0.36093 0.91598 0.37035  0.19550 NA NA
## x6 0.22783  0.12191 0.19756 0.36519 0.37035 1.48445  0.62637 NA NA
## x7 0.18991 -0.04762 0.12113 0.22716 0.19550 0.62637  1.05049 NA NA
## x8      NA       NA      NA      NA      NA      NA       NA NA NA
## x9      NA       NA      NA      NA      NA      NA       NA NA NA
## 
## 
## $cor_n
## study1 study2 study3 study4 
##    591    656    832    823</code></pre>
<p>In your own work, you must prepare a data frame that fits <code>create_metaSEM_data</code> function, indicating that the stacked matrix must be a column-directed (from top to down, from left to right) lower triangle of the matrix including the diagonals.</p>
<p>Another thing you should keep in mind is that the covariances/correlations of the missing variables <strong>must be kept empty</strong>. For example, there are three elements for the correlation matrix of x1 and x2. If variable x2 is missing, the x1_x2 correlation and x2_x2 correlation should both be kept empty, even though we know x2_x2 correlation is always 1. We keep it empty to tell R this variable is missing. Otherwise, <code>tssem1</code> function will treat such a matrix as an incomplete matrix and will give an error, since if x2_x2 correlation exist, x1_x2 should exist too. In other words, <code>tssem1</code> allows missing variables, but does not allow incomplete matrices. I have added one step in <code>create_metaSEM_data</code> function using <code>is.pd</code> function to check whether each matrix is incomplete. If the matrix is incomplete, it will not be included in the created list, and the the corresponding study name will be shown to you for your further inspection.</p>
<p>Hope this function can help you.</p>
<p><a rel="license" href="http://creativecommons.org/licenses/by-nc-nd/4.0/"><img alt="Creative Commons License" style="border-width:0" src="https://i.creativecommons.org/l/by-nc-nd/4.0/88x31.png" /></a><br />This work is licensed under a <a rel="license" href="http://creativecommons.org/licenses/by-nc-nd/4.0/">Creative Commons Attribution-NonCommercial-NoDerivatives 4.0 International License</a>.</p>
